idx,x,y,z,vx,vy,vz,pressure
0,-12.566370614359172,-1.0,-4.71238898038469,0.0,0.0,2.366597e-19,-0.00033381
1,-12.566370614359172,-1.0,-3.6651914291880923,0.0,0.0,-1.8763363e-19,-0.007064168
2,-12.566370614359172,-1.0,-2.6179938779914944,0.0,0.0,1.2441203e-20,-0.008941186
3,-12.566370614359172,-1.0,-1.5707963267948966,0.0,0.0,1.4120957e-19,0.0046254913
4,-12.566370614359172,-1.0,-0.5235987755982991,0.0,0.0,1.2285308e-19,0.0059717977
5,-12.566370614359172,-1.0,0.5235987755982983,0.0,0.0,-2.3617578e-19,-0.0029062587
6,-12.566370614359172,-1.0,1.5707963267948966,0.0,0.0,4.2619002e-19,-0.014112752
7,-12.566370614359172,-1.0,2.617993877991494,0.0,0.0,1.2141585e-19,0.0063644717
8,-12.566370614359172,-1.0,3.6651914291880914,0.0,0.0,1.5732027e-19,0.00494691
9,-12.566370614359172,-1.0,4.71238898038469,0.0,0.0,2.3665932e-19,-0.0003338139
10,-12.566370614359172,-0.33333333333333337,-4.71238898038469,1.1321597,-0.0521299,-0.000599193,-0.0029289299
11,-12.566370614359172,-0.33333333333333337,-3.6651914291880923,1.0421342,-0.019802399,-0.07651672,-0.005272568
12,-12.566370614359172,-0.33333333333333337,-2.6179938779914944,1.1077574,0.009309161,-0.10322121,0.00077005255
13,-12.566370614359172,-0.33333333333333337,-1.5707963267948966,1.1656612,0.004955533,0.020382266,0.003142788
14,-12.566370614359172,-0.33333333333333337,-0.5235987755982991,1.0456994,0.016633118,-0.05784204,-0.005874171
15,-12.566370614359172,-0.33333333333333337,0.5235987755982983,1.1211721,0.019456692,0.013043042,-0.010252109
16,-12.566370614359172,-0.33333333333333337,1.5707963267948966,1.1092476,-0.018401848,0.008773257,-0.0009281849
17,-12.566370614359172,-0.33333333333333337,2.617993877991494,1.120197,-0.012004644,0.0051840036,-0.0003216803
18,-12.566370614359172,-0.33333333333333337,3.6651914291880914,1.1008189,-0.032305263,-0.027252013,0.0010560116
19,-12.566370614359172,-0.33333333333333337,4.71238898038469,1.1321597,-0.05212989,-0.0005992041,-0.00292893
20,-12.566370614359172,0.33333333333333326,-4.71238898038469,1.0502309,-0.07880308,0.047345106,-0.004540791
21,-12.566370614359172,0.33333333333333326,-3.6651914291880923,1.1093619,0.02183892,-0.05969421,-0.003191154
22,-12.566370614359172,0.33333333333333326,-2.6179938779914944,1.0867113,0.0047019036,0.013374585,-0.0013327298
23,-12.566370614359172,0.33333333333333326,-1.5707963267948966,1.1393268,0.028486477,0.018370196,0.00067106506
24,-12.566370614359172,0.33333333333333326,-0.5235987755982991,1.058671,-0.023128867,0.051984444,2.1401045e-05
25,-12.566370614359172,0.33333333333333326,0.5235987755982983,1.0296674,-0.09753097,-0.0016930755,-0.00504115
26,-12.566370614359172,0.33333333333333326,1.5707963267948966,1.1648415,0.054855406,0.033478234,-0.003101427
27,-12.566370614359172,0.33333333333333326,2.617993877991494,1.1106918,0.006198973,-0.011792257,-0.0009595753
28,-12.566370614359172,0.33333333333333326,3.6651914291880914,1.0966891,-0.06548997,-0.046333,-0.0030417754
29,-12.566370614359172,0.33333333333333326,4.71238898038469,1.0502309,-0.07880308,0.047345098,-0.0045407894
30,-12.566370614359172,1.0,-4.71238898038469,0.0,0.0,-8.028206e-20,-3.925378e-05
31,-12.566370614359172,1.0,-3.6651914291880923,0.0,0.0,1.5916978e-19,0.000738395
32,-12.566370614359172,1.0,-2.6179938779914944,0.0,0.0,-4.2378053e-20,0.005275477
33,-12.566370614359172,1.0,-1.5707963267948966,0.0,0.0,3.3487383e-19,-0.0010635494
34,-12.566370614359172,1.0,-0.5235987755982991,0.0,0.0,2.8848945e-20,0.00019274493
35,-12.566370614359172,1.0,0.5235987755982983,0.0,0.0,-1.755729e-19,0.0037124152
36,-12.566370614359172,1.0,1.5707963267948966,0.0,0.0,-1.3512243e-19,4.9147697e-05
37,-12.566370614359172,1.0,2.617993877991494,0.0,0.0,-3.2773033e-19,0.0010254512
38,-12.566370614359172,1.0,3.6651914291880914,0.0,0.0,-2.8745852e-19,0.0002875432
39,-12.566370614359172,1.0,4.71238898038469,0.0,0.0,-8.028201e-20,-3.9255145e-05
40,-11.243594760216101,-1.0,-4.71238898038469,0.0,0.0,7.596309e-20,0.006422538
41,-11.243594760216101,-1.0,-3.6651914291880923,0.0,0.0,4.7219783e-20,-0.00089013414
42,-11.243594760216101,-1.0,-2.6179938779914944,0.0,0.0,-1.7403055e-20,-0.004058904
43,-11.243594760216101,-1.0,-1.5707963267948966,0.0,0.0,-1.1719632e-20,-0.005993753
44,-11.243594760216101,-1.0,-0.5235987755982991,0.0,0.0,-2.800963e-20,-0.008181165
45,-11.243594760216101,-1.0,0.5235987755982983,0.0,0.0,4.703178e-20,-0.0027238592
46,-11.243594760216101,-1.0,1.5707963267948966,0.0,0.0,-8.721304e-20,-0.005945605
47,-11.243594760216101,-1.0,2.617993877991494,0.0,0.0,-4.3246018e-19,-0.0024673766
48,-11.243594760216101,-1.0,3.6651914291880914,0.0,0.0,1.6854605e-19,-0.003359597
49,-11.243594760216101,-1.0,4.71238898038469,0.0,0.0,7.596276e-20,0.006422538
50,-11.243594760216101,-0.33333333333333337,-4.71238898038469,0.99697787,0.077500336,0.06124664,-0.0039799316
51,-11.243594760216101,-0.33333333333333337,-3.6651914291880923,1.013536,0.0067840535,-0.00063093845,-0.0022870328
52,-11.243594760216101,-0.33333333333333337,-2.6179938779914944,1.0230021,0.022748007,-0.0118537545,0.000800538
53,-11.243594760216101,-0.33333333333333337,-1.5707963267948966,1.1861904,-0.007501953,3.8897465e-06,0.00081310695
54,-11.243594760216101,-0.33333333333333337,-0.5235987755982991,1.1453415,-0.03730048,-0.029854046,-0.0016650315
55,-11.243594760216101,-0.33333333333333337,0.5235987755982983,1.1577815,-0.013313243,0.026706059,-0.0025659243
56,-11.243594760216101,-0.33333333333333337,1.5707963267948966,1.0722315,-0.04427269,-0.06548222,-0.003128853
57,-11.243594760216101,-0.33333333333333337,2.617993877991494,1.0107535,0.035342604,-0.024776075,-0.00016512864
58,-11.243594760216101,-0.33333333333333337,3.6651914291880914,1.1572492,-0.019563774,0.017754557,-0.00025641048
59,-11.243594760216101,-0.33333333333333337,4.71238898038469,0.99697787,0.077500336,0.06124665,-0.0039799316
60,-11.243594760216101,0.33333333333333326,-4.71238898038469,1.1079482,0.03333691,0.102465905,-0.0046377275
61,-11.243594760216101,0.33333333333333326,-3.6651914291880923,1.1006324,-0.022782132,0.0327335,-0.00043679646
62,-11.243594760216101,0.33333333333333326,-2.6179938779914944,1.0953845,0.018687716,0.0112886345,0.0019126034
63,-11.243594760216101,0.33333333333333326,-1.5707963267948966,0.96019524,0.023284823,0.057032958,-0.0020777425
64,-11.243594760216101,0.33333333333333326,-0.5235987755982991,1.1336106,-0.016809816,0.0009575981,-0.0009616406
65,-11.243594760216101,0.33333333333333326,0.5235987755982983,1.0963825,-0.015639469,0.104948856,-0.0018847233
66,-11.243594760216101,0.33333333333333326,1.5707963267948966,1.1184611,0.058883227,0.019382268,0.0018088717
67,-11.243594760216101,0.33333333333333326,2.617993877991494,1.0980428,0.010980439,-0.014641254,0.00091675424
68,-11.243594760216101,0.33333333333333326,3.6651914291880914,1.0639095,-0.03763527,-0.046451997,-0.003187082
69,-11.243594760216101,0.33333333333333326,4.71238898038469,1.1079482,0.033336908,0.10246589,-0.0046377284
70,-11.243594760216101,1.0,-4.71238898038469,0.0,0.0,-1.0264934e-19,0.0038381575
71,-11.243594760216101,1.0,-3.6651914291880923,0.0,0.0,1.1901378e-19,-0.00807839
72,-11.243594760216101,1.0,-2.6179938779914944,0.0,0.0,1.2518864e-19,0.001901378
73,-11.243594760216101,1.0,-1.5707963267948966,0.0,0.0,1.3287732e-19,0.00423656
74,-11.243594760216101,1.0,-0.5235987755982991,0.0,0.0,1.5174518e-19,0.0014171364
75,-11.243594760216101,1.0,0.5235987755982983,0.0,0.0,-1.2295642e-19,0.0021264013
76,-11.243594760216101,1.0,1.5707963267948966,0.0,0.0,1.5111107e-19,0.00047837055
77,-11.243594760216101,1.0,2.617993877991494,0.0,0.0,-4.9563657e-20,0.0030540624
78,-11.243594760216101,1.0,3.6651914291880914,0.0,0.0,-1.5569302e-19,-0.004092094
79,-11.243594760216101,1.0,4.71238898038469,0.0,0.0,-1.0264972e-19,0.0038381577
80,-9.92081890607303,-1.0,-4.71238898038469,0.0,0.0,4.0781e-19,-0.0008579357
81,-9.92081890607303,-1.0,-3.6651914291880923,0.0,0.0,1.7393034e-19,-0.0017700009
82,-9.92081890607303,-1.0,-2.6179938779914944,0.0,0.0,7.9970064e-20,-0.0036605697
83,-9.92081890607303,-1.0,-1.5707963267948966,0.0,0.0,-2.3418127e-19,0.0043358393
84,-9.92081890607303,-1.0,-0.5235987755982991,0.0,0.0,-9.569845e-20,-0.0051458343
85,-9.92081890607303,-1.0,0.5235987755982983,0.0,0.0,2.3285163e-19,0.0011780785
86,-9.92081890607303,-1.0,1.5707963267948966,0.0,0.0,-5.6573125e-20,-0.0042412407
87,-9.92081890607303,-1.0,2.617993877991494,0.0,0.0,1.1896209e-19,0.0011881515
88,-9.92081890607303,-1.0,3.6651914291880914,0.0,0.0,3.742685e-20,-0.0041534323
89,-9.92081890607303,-1.0,4.71238898038469,0.0,0.0,4.0781085e-19,-0.000857938
90,-9.92081890607303,-0.33333333333333337,-4.71238898038469,1.1193258,-0.015903804,0.0075993417,-0.00037969975
91,-9.92081890607303,-0.33333333333333337,-3.6651914291880923,1.1534857,-0.027498674,0.047758296,-0.0038666592
92,-9.92081890607303,-0.33333333333333337,-2.6179938779914944,1.0570661,0.031437084,0.029821545,0.0003376977
93,-9.92081890607303,-0.33333333333333337,-1.5707963267948966,1.1457889,-0.0312916,0.0052870256,-0.0018477847
94,-9.92081890607303,-0.33333333333333337,-0.5235987755982991,1.0141284,0.039914355,0.0382406,-0.00014824912
95,-9.92081890607303,-0.33333333333333337,0.5235987755982983,1.1685154,-0.011161287,-0.004042561,-0.0005288041
96,-9.92081890607303,-0.33333333333333337,1.5707963267948966,1.107776,-0.035343517,-0.07766981,-0.0029766106
97,-9.92081890607303,-0.33333333333333337,2.617993877991494,1.021812,-0.018363856,-0.005942487,-0.0038296443
98,-9.92081890607303,-0.33333333333333337,3.6651914291880914,1.149222,-0.03865708,-0.043286968,-0.0019972173
99,-9.92081890607303,-0.33333333333333337,4.71238898038469,1.1193258,-0.0159038,0.0075993487,-0.0003796998
100,-9.92081890607303,0.33333333333333326,-4.71238898038469,1.0796942,-0.009869288,-0.005376671,-0.00078561774
101,-9.92081890607303,0.33333333333333326,-3.6651914291880923,1.0791842,-0.032986864,0.00308365,-0.004357878
102,-9.92081890607303,0.33333333333333326,-2.6179938779914944,1.0831131,-0.010133713,-0.03630181,0.004378065
103,-9.92081890607303,0.33333333333333326,-1.5707963267948966,1.054498,0.020122347,-0.035038125,0.0017501501
104,-9.92081890607303,0.33333333333333326,-0.5235987755982991,1.0543048,0.031553768,-0.089486346,-0.0023148146
105,-9.92081890607303,0.33333333333333326,0.5235987755982983,1.0207177,-0.009118953,-0.02596944,-0.0015405125
106,-9.92081890607303,0.33333333333333326,1.5707963267948966,1.0264524,-0.0089760665,0.03889849,-0.00427266
107,-9.92081890607303,0.33333333333333326,2.617993877991494,1.0564193,-0.12588811,0.00942447,-0.00059418794
108,-9.92081890607303,0.33333333333333326,3.6651914291880914,1.1502209,0.035859052,-0.030676952,-0.0007821292
109,-9.92081890607303,0.33333333333333326,4.71238898038469,1.0796942,-0.009869267,-0.0053766626,-0.0007856176
110,-9.92081890607303,1.0,-4.71238898038469,0.0,0.0,-3.1425406e-19,0.00085391494
111,-9.92081890607303,1.0,-3.6651914291880923,0.0,0.0,1.7593597e-19,0.002045477
112,-9.92081890607303,1.0,-2.6179938779914944,0.0,0.0,3.4885173e-20,-0.0025349339
113,-9.92081890607303,1.0,-1.5707963267948966,0.0,0.0,2.9028603e-19,0.009950231
114,-9.92081890607303,1.0,-0.5235987755982991,0.0,0.0,3.4351612e-20,-0.00582352
115,-9.92081890607303,1.0,0.5235987755982983,0.0,0.0,-2.8128042e-19,0.003646048
116,-9.92081890607303,1.0,1.5707963267948966,0.0,0.0,1.5363443e-19,0.0001313118
117,-9.92081890607303,1.0,2.617993877991494,0.0,0.0,3.9127947e-20,0.0057666427
118,-9.92081890607303,1.0,3.6651914291880914,0.0,0.0,2.0980113e-19,0.00776384
119,-9.92081890607303,1.0,4.71238898038469,0.0,0.0,-3.142537e-19,0.00085391256
120,-8.59804305192996,-1.0,-4.71238898038469,0.0,0.0,9.497047e-20,-0.008451414
121,-8.59804305192996,-1.0,-3.6651914291880923,0.0,0.0,3.618983e-20,-0.00030675295
122,-8.59804305192996,-1.0,-2.6179938779914944,0.0,0.0,5.0062838e-20,-0.0012219822
123,-8.59804305192996,-1.0,-1.5707963267948966,0.0,0.0,-1.5920237e-19,0.0037270426
124,-8.59804305192996,-1.0,-0.5235987755982991,0.0,0.0,3.3469248e-19,0.0025505982
125,-8.59804305192996,-1.0,0.5235987755982983,0.0,0.0,-3.8468138e-19,-0.007663856
126,-8.59804305192996,-1.0,1.5707963267948966,0.0,0.0,1.8298135e-20,0.0025163954
127,-8.59804305192996,-1.0,2.617993877991494,0.0,0.0,-1.7566285e-19,0.0015057019
128,-8.59804305192996,-1.0,3.6651914291880914,0.0,0.0,1.747196e-19,0.008821904
129,-8.59804305192996,-1.0,4.71238898038469,0.0,0.0,9.4970635e-20,-0.008451409
130,-8.59804305192996,-0.33333333333333337,-4.71238898038469,1.1861409,0.0102613345,-0.015902264,0.0004778012
131,-8.59804305192996,-0.33333333333333337,-3.6651914291880923,1.0518922,-0.032328714,0.023399802,-0.0014708511
132,-8.59804305192996,-0.33333333333333337,-2.6179938779914944,1.1392533,0.0025476327,-0.04252723,-0.0011913456
133,-8.59804305192996,-0.33333333333333337,-1.5707963267948966,1.2005938,0.020851847,-0.020897195,-0.00052892586
134,-8.59804305192996,-0.33333333333333337,-0.5235987755982991,0.97004277,0.0067977984,0.023138259,-0.0010074491
135,-8.59804305192996,-0.33333333333333337,0.5235987755982983,1.138897,-0.00022364492,0.002857556,-0.0004424115
136,-8.59804305192996,-0.33333333333333337,1.5707963267948966,0.97821194,0.066608615,0.042817384,-0.0011313427
137,-8.59804305192996,-0.33333333333333337,2.617993877991494,1.0759045,0.001942404,-0.035320323,0.00089699164
138,-8.59804305192996,-0.33333333333333337,3.6651914291880914,1.0988871,-0.0046746363,-0.01239928,0.00047540947
139,-8.59804305192996,-0.33333333333333337,4.71238898038469,1.1861409,0.010261341,-0.015902266,0.00047780183
140,-8.59804305192996,0.33333333333333326,-4.71238898038469,1.1443874,0.013323907,0.021336276,-0.0011975908
141,-8.59804305192996,0.33333333333333326,-3.6651914291880923,1.1191206,0.027661825,0.0082853995,0.002860065
142,-8.59804305192996,0.33333333333333326,-2.6179938779914944,1.1187779,-0.027720863,-0.04913264,0.00444415
143,-8.59804305192996,0.33333333333333326,-1.5707963267948966,0.99659705,-0.009670152,-0.0418804,-0.0012705731
144,-8.59804305192996,0.33333333333333326,-0.5235987755982991,1.0649445,-0.013811771,0.0542155,-0.0012749705
145,-8.59804305192996,0.33333333333333326,0.5235987755982983,1.1510681,0.059802726,-0.0007400157,-0.0007263429
146,-8.59804305192996,0.33333333333333326,1.5707963267948966,1.0882298,0.016702304,0.012884947,-0.00016198868
147,-8.59804305192996,0.33333333333333326,2.617993877991494,1.1250199,0.03382608,-0.0066863196,0.0025713637
148,-8.59804305192996,0.33333333333333326,3.6651914291880914,1.0899794,-0.018666042,-0.0014501087,0.00018252028
149,-8.59804305192996,0.33333333333333326,4.71238898038469,1.1443874,0.013323895,0.021336276,-0.0011975911
150,-8.59804305192996,1.0,-4.71238898038469,0.0,0.0,-1.0590054e-19,-0.0026830502
151,-8.59804305192996,1.0,-3.6651914291880923,0.0,0.0,-7.8033944e-20,-0.0021545698
152,-8.59804305192996,1.0,-2.6179938779914944,0.0,0.0,1.7412198e-19,0.0042229253
153,-8.59804305192996,1.0,-1.5707963267948966,0.0,0.0,-1.6574283e-19,0.010866641
154,-8.59804305192996,1.0,-0.5235987755982991,0.0,0.0,2.749864e-19,-0.0015140972
155,-8.59804305192996,1.0,0.5235987755982983,0.0,0.0,1.1880338e-19,-0.0031060854
156,-8.59804305192996,1.0,1.5707963267948966,0.0,0.0,3.224551e-20,0.0058506643
157,-8.59804305192996,1.0,2.617993877991494,0.0,0.0,9.210888e-21,0.0020101268
158,-8.59804305192996,1.0,3.6651914291880914,0.0,0.0,-8.0368254e-20,-0.001273701
159,-8.59804305192996,1.0,4.71238898038469,0.0,0.0,-1.0590117e-19,-0.0026830565
160,-7.2752671977868895,-1.0,-4.71238898038469,0.0,0.0,-1.2364172e-19,-0.004815447
161,-7.2752671977868895,-1.0,-3.6651914291880923,0.0,0.0,1.1161457e-19,0.0021745265
162,-7.2752671977868895,-1.0,-2.6179938779914944,0.0,0.0,1.7856168e-19,0.00042179401
163,-7.2752671977868895,-1.0,-1.5707963267948966,0.0,0.0,-1.1301676e-19,0.0072243004
164,-7.2752671977868895,-1.0,-0.5235987755982991,0.0,0.0,-8.3375864e-20,0.0011346012
165,-7.2752671977868895,-1.0,0.5235987755982983,0.0,0.0,-1.00558253e-19,-0.0017791222
166,-7.2752671977868895,-1.0,1.5707963267948966,0.0,0.0,-3.938212e-19,0.0022645947
167,-7.2752671977868895,-1.0,2.617993877991494,0.0,0.0,-2.7844453e-19,-0.0010567262
168,-7.2752671977868895,-1.0,3.6651914291880914,0.0,0.0,6.874759e-20,0.0009021187
169,-7.2752671977868895,-1.0,4.71238898038469,0.0,0.0,-1.2364184e-19,-0.004815442
170,-7.2752671977868895,-0.33333333333333337,-4.71238898038469,0.97192484,-0.048476305,-0.0037737833,0.005173876
171,-7.2752671977868895,-0.33333333333333337,-3.6651914291880923,1.1300974,0.04220118,0.03407645,-5.753347e-05
172,-7.2752671977868895,-0.33333333333333337,-2.6179938779914944,1.142022,-0.010452547,-0.054063044,-0.0029908968
173,-7.2752671977868895,-0.33333333333333337,-1.5707963267948966,1.0540743,0.0106169665,0.026940847,0.002411809
174,-7.2752671977868895,-0.33333333333333337,-0.5235987755982991,1.0644445,-0.018045397,0.028255245,-0.0010614084
175,-7.2752671977868895,-0.33333333333333337,0.5235987755982983,1.1906619,-0.016484542,0.0021386868,-0.00055758416
176,-7.2752671977868895,-0.33333333333333337,1.5707963267948966,1.0778078,0.04563458,-0.042609714,0.00055440277
177,-7.2752671977868895,-0.33333333333333337,2.617993877991494,1.0337621,0.002183174,0.025191939,0.0016826927
178,-7.2752671977868895,-0.33333333333333337,3.6651914291880914,1.1396177,-0.035164792,0.04626562,-0.0020895132
179,-7.2752671977868895,-0.33333333333333337,4.71238898038469,0.97192484,-0.048476297,-0.0037737798,0.0051738755
180,-7.2752671977868895,0.33333333333333326,-4.71238898038469,1.0076697,0.012274475,0.00088800327,-0.001073624
181,-7.2752671977868895,0.33333333333333326,-3.6651914291880923,1.0935689,0.011610362,0.021682413,-0.0007505453
182,-7.2752671977868895,0.33333333333333326,-2.6179938779914944,0.9459551,-0.04219553,0.0012405856,-0.009470461
183,-7.2752671977868895,0.33333333333333326,-1.5707963267948966,1.0713856,0.12801932,0.0506109,-0.020317063
184,-7.2752671977868895,0.33333333333333326,-0.5235987755982991,1.1280124,-0.004249381,0.020960584,0.0017542297
185,-7.2752671977868895,0.33333333333333326,0.5235987755982983,1.0328195,-0.002823185,-0.0642164,-0.0010079889
186,-7.2752671977868895,0.33333333333333326,1.5707963267948966,1.1700562,0.00048129848,-0.0098108025,-0.0018169059
187,-7.2752671977868895,0.33333333333333326,2.617993877991494,1.1382414,0.027924553,-0.033181902,0.0010752782
188,-7.2752671977868895,0.33333333333333326,3.6651914291880914,1.0474229,-0.029652797,0.053102683,-0.0008615323
189,-7.2752671977868895,0.33333333333333326,4.71238898038469,1.0076697,0.012274488,0.0008879911,-0.0010736246
190,-7.2752671977868895,1.0,-4.71238898038469,0.0,0.0,-1.7968046e-19,-0.0075486344
191,-7.2752671977868895,1.0,-3.6651914291880923,0.0,0.0,1.4321816e-20,0.003037931
192,-7.2752671977868895,1.0,-2.6179938779914944,0.0,0.0,6.521497e-20,-0.0050623254
193,-7.2752671977868895,1.0,-1.5707963267948966,0.0,0.0,5.3463578e-20,-0.0053498917
194,-7.2752671977868895,1.0,-0.5235987755982991,0.0,0.0,-6.791454e-20,-0.000119391036
195,-7.2752671977868895,1.0,0.5235987755982983,0.0,0.0,3.703301e-20,-0.0015734488
196,-7.2752671977868895,1.0,1.5707963267948966,0.0,0.0,-1.4289147e-19,0.009255371
197,-7.2752671977868895,1.0,2.617993877991494,0.0,0.0,-4.189146e-19,-0.005185196
198,-7.2752671977868895,1.0,3.6651914291880914,0.0,0.0,-6.9155227e-20,-0.0027811183
199,-7.2752671977868895,1.0,4.71238898038469,0.0,0.0,-1.7968033e-19,-0.0075486363
200,-5.9524913436438185,-1.0,-4.71238898038469,0.0,0.0,-1.9605006e-19,-0.0057260883
201,-5.9524913436438185,-1.0,-3.6651914291880923,0.0,0.0,-2.9836792e-19,0.0018001678
202,-5.9524913436438185,-1.0,-2.6179938779914944,0.0,0.0,-1.1944041e-19,0.005238385
203,-5.9524913436438185,-1.0,-1.5707963267948966,0.0,0.0,-1.8572057e-19,0.0041487324
204,-5.9524913436438185,-1.0,-0.5235987755982991,0.0,0.0,3.6159677e-20,-0.00040320674
205,-5.9524913436438185,-1.0,0.5235987755982983,0.0,0.0,-2.8738454e-19,-0.0039659864
206,-5.9524913436438185,-1.0,1.5707963267948966,0.0,0.0,3.0037404e-19,-0.0038399147
207,-5.9524913436438185,-1.0,2.617993877991494,0.0,0.0,-4.399597e-21,-0.0009296392
208,-5.9524913436438185,-1.0,3.6651914291880914,0.0,0.0,-2.3678627e-20,-0.010315606
209,-5.9524913436438185,-1.0,4.71238898038469,0.0,0.0,-1.9605012e-19,-0.005726089
210,-5.9524913436438185,-0.33333333333333337,-4.71238898038469,0.9428178,0.03371607,0.03394922,-0.004796162
211,-5.9524913436438185,-0.33333333333333337,-3.6651914291880923,1.0717218,0.0011153794,-0.023685807,0.00051709375
212,-5.9524913436438185,-0.33333333333333337,-2.6179938779914944,1.1542221,-0.07451698,0.03663323,-0.001956157
213,-5.9524913436438185,-0.33333333333333337,-1.5707963267948966,1.0838447,-0.049664706,0.024579652,-0.003897843
214,-5.9524913436438185,-0.33333333333333337,-0.5235987755982991,1.0489141,0.0680207,0.004951952,-0.0010231666
215,-5.9524913436438185,-0.33333333333333337,0.5235987755982983,1.1068176,-0.040134497,-0.034130223,-0.0019101423
216,-5.9524913436438185,-0.33333333333333337,1.5707963267948966,1.0141102,-0.0061351415,-0.042468622,0.0005270449
217,-5.9524913436438185,-0.33333333333333337,2.617993877991494,1.11431,-0.03775222,0.0048983833,-0.0006428271
218,-5.9524913436438185,-0.33333333333333337,3.6651914291880914,1.1409101,-0.0060111047,-0.065714665,-0.006321861
219,-5.9524913436438185,-0.33333333333333337,4.71238898038469,0.9428178,0.033716027,0.033949208,-0.004796161
220,-5.9524913436438185,0.33333333333333326,-4.71238898038469,1.083078,-0.012702247,-0.12503394,-0.004714808
221,-5.9524913436438185,0.33333333333333326,-3.6651914291880923,1.1411854,-0.00090743316,-0.034681324,0.0006014047
222,-5.9524913436438185,0.33333333333333326,-2.6179938779914944,0.99534297,-0.08362288,0.12943995,-0.0006205783
223,-5.9524913436438185,0.33333333333333326,-1.5707963267948966,1.0428855,-0.056211878,-0.1278671,0.0005220623
224,-5.9524913436438185,0.33333333333333326,-0.5235987755982991,1.1251123,0.0055952882,-0.004908147,0.00077808753
225,-5.9524913436438185,0.33333333333333326,0.5235987755982983,1.0236367,-0.018987903,-0.005900754,0.001665159
226,-5.9524913436438185,0.33333333333333326,1.5707963267948966,1.1260797,-0.005035099,0.088124074,-0.00054523133
227,-5.9524913436438185,0.33333333333333326,2.617993877991494,1.0510278,-0.057433486,0.029491397,0.00167216
228,-5.9524913436438185,0.33333333333333326,3.6651914291880914,1.1443324,0.040874064,-0.0020012618,0.0012214865
229,-5.9524913436438185,0.33333333333333326,4.71238898038469,1.083078,-0.012702238,-0.12503394,-0.004714809
230,-5.9524913436438185,1.0,-4.71238898038469,0.0,0.0,-9.065376e-20,0.0041821697
231,-5.9524913436438185,1.0,-3.6651914291880923,0.0,0.0,-2.586208e-20,0.0035593747
232,-5.9524913436438185,1.0,-2.6179938779914944,0.0,0.0,-3.324722e-19,0.005338909
233,-5.9524913436438185,1.0,-1.5707963267948966,0.0,0.0,1.0291242e-19,0.014989092
234,-5.9524913436438185,1.0,-0.5235987755982991,0.0,0.0,2.4181698e-20,0.030541671
235,-5.9524913436438185,1.0,0.5235987755982983,0.0,0.0,2.1820159e-20,0.0013048042
236,-5.9524913436438185,1.0,1.5707963267948966,0.0,0.0,-6.269036e-20,-0.007391424
237,-5.9524913436438185,1.0,2.617993877991494,0.0,0.0,1.4174564e-20,0.00683683
238,-5.9524913436438185,1.0,3.6651914291880914,0.0,0.0,1.0761709e-19,-0.010395622
239,-5.9524913436438185,1.0,4.71238898038469,0.0,0.0,-9.065342e-20,0.0041821687
240,-4.629715489500748,-1.0,-4.71238898038469,0.0,0.0,3.2868327e-19,-0.00042670418
241,-4.629715489500748,-1.0,-3.6651914291880923,0.0,0.0,3.4317588e-19,-0.008546551
242,-4.629715489500748,-1.0,-2.6179938779914944,0.0,0.0,2.8723472e-19,0.0063098124
243,-4.629715489500748,-1.0,-1.5707963267948966,0.0,0.0,-2.20619e-19,0.0038352883
244,-4.629715489500748,-1.0,-0.5235987755982991,0.0,0.0,-3.7522554e-20,0.028090855
245,-4.629715489500748,-1.0,0.5235987755982983,0.0,0.0,-6.622163e-20,0.004464468
246,-4.629715489500748,-1.0,1.5707963267948966,0.0,0.0,-3.287783e-19,-0.0014992824
247,-4.629715489500748,-1.0,2.617993877991494,0.0,0.0,-1.01448855e-19,0.0029594922
248,-4.629715489500748,-1.0,3.6651914291880914,0.0,0.0,2.5425697e-19,-0.0021462191
249,-4.629715489500748,-1.0,4.71238898038469,0.0,0.0,3.28684e-19,-0.00042670613
250,-4.629715489500748,-0.33333333333333337,-4.71238898038469,1.0790963,0.006386385,-0.06411783,-0.00036621312
251,-4.629715489500748,-0.33333333333333337,-3.6651914291880923,1.0102457,0.061775964,-0.0589625,-0.0040175123
252,-4.629715489500748,-0.33333333333333337,-2.6179938779914944,1.1582422,-0.012553252,9.1789785e-05,-0.0008041934
253,-4.629715489500748,-0.33333333333333337,-1.5707963267948966,1.0635967,0.056546777,-0.06522579,0.005314318
254,-4.629715489500748,-0.33333333333333337,-0.5235987755982991,1.1627806,-0.007360666,-0.055024296,0.0019697475
255,-4.629715489500748,-0.33333333333333337,0.5235987755982983,1.1785581,0.012073892,0.008402453,-0.0012222425
256,-4.629715489500748,-0.33333333333333337,1.5707963267948966,0.92928666,0.02412063,-0.041016206,-0.00062265387
257,-4.629715489500748,-0.33333333333333337,2.617993877991494,1.1816674,-0.015756184,-0.00145308,0.0018414237
258,-4.629715489500748,-0.33333333333333337,3.6651914291880914,1.1408424,-0.011557945,-0.033779554,-0.0009988793
259,-4.629715489500748,-0.33333333333333337,4.71238898038469,1.0790963,0.00638639,-0.06411782,-0.00036621306
260,-4.629715489500748,0.33333333333333326,-4.71238898038469,1.1206759,0.02498554,0.025087627,0.0003037409
261,-4.629715489500748,0.33333333333333326,-3.6651914291880923,1.1459197,0.0053508775,-0.02134264,-0.0001496387
262,-4.629715489500748,0.33333333333333326,-2.6179938779914944,1.0658048,0.005771628,0.010926558,0.0015673927
263,-4.629715489500748,0.33333333333333326,-1.5707963267948966,1.088315,0.00040025805,0.0976044,-0.00044414127
264,-4.629715489500748,0.33333333333333326,-0.5235987755982991,1.0884697,0.010387964,-0.013943967,-0.00088827766
265,-4.629715489500748,0.33333333333333326,0.5235987755982983,1.0804209,0.054163426,-0.04164375,-0.00054577127
266,-4.629715489500748,0.33333333333333326,1.5707963267948966,1.1456864,-0.028585894,0.010498822,-0.0012010047
267,-4.629715489500748,0.33333333333333326,2.617993877991494,0.9621605,-0.042989265,0.047112606,0.00038484728
268,-4.629715489500748,0.33333333333333326,3.6651914291880914,1.0843503,-0.016251897,-0.006143399,0.0027456111
269,-4.629715489500748,0.33333333333333326,4.71238898038469,1.1206759,0.024985537,0.025087604,0.00030374102
270,-4.629715489500748,1.0,-4.71238898038469,0.0,0.0,-1.4005982e-19,0.0022555108
271,-4.629715489500748,1.0,-3.6651914291880923,0.0,0.0,-9.724331e-20,-0.0024781977
272,-4.629715489500748,1.0,-2.6179938779914944,0.0,0.0,-4.7790815e-20,-0.012872067
273,-4.629715489500748,1.0,-1.5707963267948966,0.0,0.0,-7.262205e-20,-0.004059627
274,-4.629715489500748,1.0,-0.5235987755982991,0.0,0.0,-2.9177206e-19,-0.013627752
275,-4.629715489500748,1.0,0.5235987755982983,0.0,0.0,1.02455134e-19,-0.00013915068
276,-4.629715489500748,1.0,1.5707963267948966,0.0,0.0,-7.822964e-20,0.0021115304
277,-4.629715489500748,1.0,2.617993877991494,0.0,0.0,4.5841794e-20,-0.0011548919
278,-4.629715489500748,1.0,3.6651914291880914,0.0,0.0,2.1017493e-20,0.006670177
279,-4.629715489500748,1.0,4.71238898038469,0.0,0.0,-1.4006002e-19,0.0022555091
280,-3.3069396353576774,-1.0,-4.71238898038469,0.0,0.0,-9.978055e-20,0.004342002
281,-3.3069396353576774,-1.0,-3.6651914291880923,0.0,0.0,-1.9124064e-19,-0.0056871055
282,-3.3069396353576774,-1.0,-2.6179938779914944,0.0,0.0,2.3210669e-20,0.0055938885
283,-3.3069396353576774,-1.0,-1.5707963267948966,0.0,0.0,3.1835907e-19,-0.003439658
284,-3.3069396353576774,-1.0,-0.5235987755982991,0.0,0.0,8.751311e-20,0.0006423431
285,-3.3069396353576774,-1.0,0.5235987755982983,0.0,0.0,-2.6356732e-19,0.020616796
286,-3.3069396353576774,-1.0,1.5707963267948966,0.0,0.0,-2.0596425e-19,-0.003372249
287,-3.3069396353576774,-1.0,2.617993877991494,0.0,0.0,1.7527568e-19,0.004157188
288,-3.3069396353576774,-1.0,3.6651914291880914,0.0,0.0,-1.5318474e-19,0.0050141388
289,-3.3069396353576774,-1.0,4.71238898038469,0.0,0.0,-9.9781085e-20,0.0043420033
290,-3.3069396353576774,-0.33333333333333337,-4.71238898038469,1.1248794,-0.09181471,0.038467105,-0.0011111182
291,-3.3069396353576774,-0.33333333333333337,-3.6651914291880923,1.0398432,0.017537633,-0.04307124,-0.0031849488
292,-3.3069396353576774,-0.33333333333333337,-2.6179938779914944,1.1408587,-0.005223594,0.0051801153,-0.00024844706
293,-3.3069396353576774,-0.33333333333333337,-1.5707963267948966,1.0396931,-0.058591247,-0.038446493,-0.0035555009
294,-3.3069396353576774,-0.33333333333333337,-0.5235987755982991,1.068893,0.021202814,-0.027399605,0.0009095111
295,-3.3069396353576774,-0.33333333333333337,0.5235987755982983,1.0921952,-0.04062968,0.014162971,-0.0008708458
296,-3.3069396353576774,-0.33333333333333337,1.5707963267948966,1.0600177,-0.06842648,0.021593653,-0.0028028751
297,-3.3069396353576774,-0.33333333333333337,2.617993877991494,1.0512047,-0.0052685165,0.030089503,-0.00064140226
298,-3.3069396353576774,-0.33333333333333337,3.6651914291880914,1.170314,-0.039921027,0.010839433,0.00044292983
299,-3.3069396353576774,-0.33333333333333337,4.71238898038469,1.1248794,-0.09181471,0.038467105,-0.0011111181
300,-3.3069396353576774,0.33333333333333326,-4.71238898038469,1.1313083,0.034093987,0.012765012,-0.0036368028
301,-3.3069396353576774,0.33333333333333326,-3.6651914291880923,1.1776518,-0.049896173,-0.048667252,-0.0030443147
302,-3.3069396353576774,0.33333333333333326,-2.6179938779914944,1.0746956,-0.05404443,0.004468054,0.0001141815
303,-3.3069396353576774,0.33333333333333326,-1.5707963267948966,1.1369692,0.015502698,-0.037239067,0.0018176537
304,-3.3069396353576774,0.33333333333333326,-0.5235987755982991,1.0913408,0.013618683,0.022731131,0.0043553677
305,-3.3069396353576774,0.33333333333333326,0.5235987755982983,1.0595009,0.0072733196,-0.024267932,0.001992862
306,-3.3069396353576774,0.33333333333333326,1.5707963267948966,1.1459979,0.03876213,0.031083746,-0.0014610561
307,-3.3069396353576774,0.33333333333333326,2.617993877991494,1.1009171,0.007939931,0.007590574,0.00019931153
308,-3.3069396353576774,0.33333333333333326,3.6651914291880914,0.9832883,-0.09287826,0.03392973,-0.0056386758
309,-3.3069396353576774,0.33333333333333326,4.71238898038469,1.1313083,0.034094,0.012765017,-0.0036368025
310,-3.3069396353576774,1.0,-4.71238898038469,0.0,0.0,2.713646e-20,-0.00328255
311,-3.3069396353576774,1.0,-3.6651914291880923,0.0,0.0,-2.1094695e-19,0.007874608
312,-3.3069396353576774,1.0,-2.6179938779914944,0.0,0.0,-8.033481e-20,-0.0038019477
313,-3.3069396353576774,1.0,-1.5707963267948966,0.0,0.0,-2.2659558e-19,0.009159011
314,-3.3069396353576774,1.0,-0.5235987755982991,0.0,0.0,1.1421455e-19,0.0013825363
315,-3.3069396353576774,1.0,0.5235987755982983,0.0,0.0,-2.3793972e-19,0.0057908874
316,-3.3069396353576774,1.0,1.5707963267948966,0.0,0.0,2.0168104e-19,-0.0127585465
317,-3.3069396353576774,1.0,2.617993877991494,0.0,0.0,2.5907798e-19,-0.0026064103
318,-3.3069396353576774,1.0,3.6651914291880914,0.0,0.0,4.0004697e-20,-0.0014306671
319,-3.3069396353576774,1.0,4.71238898038469,0.0,0.0,2.7136697e-20,-0.0032825468
320,-1.9841637812146065,-1.0,-4.71238898038469,0.0,0.0,6.356217e-21,0.0034237327
321,-1.9841637812146065,-1.0,-3.6651914291880923,0.0,0.0,3.093642e-19,-0.0002532764
322,-1.9841637812146065,-1.0,-2.6179938779914944,0.0,0.0,-2.1259242e-19,0.00028752323
323,-1.9841637812146065,-1.0,-1.5707963267948966,0.0,0.0,-1.4978804e-19,4.7439233e-05
324,-1.9841637812146065,-1.0,-0.5235987755982991,0.0,0.0,3.2944443e-19,-0.0038825648
325,-1.9841637812146065,-1.0,0.5235987755982983,0.0,0.0,-1.5885112e-19,0.0029488124
326,-1.9841637812146065,-1.0,1.5707963267948966,0.0,0.0,-1.4594733e-19,0.0019725822
327,-1.9841637812146065,-1.0,2.617993877991494,0.0,0.0,-1.0156664e-19,0.010435311
328,-1.9841637812146065,-1.0,3.6651914291880914,0.0,0.0,-1.2206125e-19,-0.0016824042
329,-1.9841637812146065,-1.0,4.71238898038469,0.0,0.0,6.356477e-21,0.003423734
330,-1.9841637812146065,-0.33333333333333337,-4.71238898038469,1.04227,0.054911513,0.06758926,-0.004443386
331,-1.9841637812146065,-0.33333333333333337,-3.6651914291880923,1.0450826,-0.0030454951,-0.07539016,-0.006117633
332,-1.9841637812146065,-0.33333333333333337,-2.6179938779914944,1.1444286,-0.033243142,-0.018608632,0.001012099
333,-1.9841637812146065,-0.33333333333333337,-1.5707963267948966,1.069746,0.024117326,-0.050855994,-0.0046627256
334,-1.9841637812146065,-0.33333333333333337,-0.5235987755982991,1.1450211,-0.019688586,0.014388104,-0.0012858488
335,-1.9841637812146065,-0.33333333333333337,0.5235987755982983,1.1382859,-0.008849844,0.017839197,-0.00058018597
336,-1.9841637812146065,-0.33333333333333337,1.5707963267948966,0.9302782,0.08856539,-0.049080048,-0.0020332257
337,-1.9841637812146065,-0.33333333333333337,2.617993877991494,1.1503419,-0.0037078997,-0.05077103,0.0004723656
338,-1.9841637812146065,-0.33333333333333337,3.6651914291880914,1.1771425,-0.0116409045,0.004679717,-0.0006129423
339,-1.9841637812146065,-0.33333333333333337,4.71238898038469,1.04227,0.054911513,0.06758927,-0.004443386
340,-1.9841637812146065,0.33333333333333326,-4.71238898038469,1.1171956,-0.06418393,-0.02459654,0.0019338888
341,-1.9841637812146065,0.33333333333333326,-3.6651914291880923,1.1583807,0.015757281,0.007587995,0.0007449861
342,-1.9841637812146065,0.33333333333333326,-2.6179938779914944,1.1514661,0.057508208,0.007580162,-0.0024186356
343,-1.9841637812146065,0.33333333333333326,-1.5707963267948966,1.1754887,0.009880348,0.039041672,-0.003820581
344,-1.9841637812146065,0.33333333333333326,-0.5235987755982991,1.0948346,-0.015956735,-0.010215185,0.00078656786
345,-1.9841637812146065,0.33333333333333326,0.5235987755982983,1.0608518,-0.042593453,-0.015616556,-9.381536e-05
346,-1.9841637812146065,0.33333333333333326,1.5707963267948966,1.1530921,0.06474524,-0.046874356,-0.001754736
347,-1.9841637812146065,0.33333333333333326,2.617993877991494,1.0682868,-0.0343723,-0.052529585,0.0073875664
348,-1.9841637812146065,0.33333333333333326,3.6651914291880914,1.1413314,0.0394555,0.076305784,-0.00054959365
349,-1.9841637812146065,0.33333333333333326,4.71238898038469,1.1171956,-0.06418391,-0.02459652,0.0019338882
350,-1.9841637812146065,1.0,-4.71238898038469,0.0,0.0,5.858498e-20,-0.0010998389
351,-1.9841637812146065,1.0,-3.6651914291880923,0.0,0.0,-1.6229138e-19,0.002448139
352,-1.9841637812146065,1.0,-2.6179938779914944,0.0,0.0,-6.204885e-20,-0.0025371215
353,-1.9841637812146065,1.0,-1.5707963267948966,0.0,0.0,5.774269e-20,0.003217372
354,-1.9841637812146065,1.0,-0.5235987755982991,0.0,0.0,2.5457163e-19,-0.0002604391
355,-1.9841637812146065,1.0,0.5235987755982983,0.0,0.0,-2.5183245e-19,-0.0034058616
356,-1.9841637812146065,1.0,1.5707963267948966,0.0,0.0,3.6307865e-21,0.005905513
357,-1.9841637812146065,1.0,2.617993877991494,0.0,0.0,7.790286e-20,-0.0027207884
358,-1.9841637812146065,1.0,3.6651914291880914,0.0,0.0,1.4031478e-20,0.0012834225
359,-1.9841637812146065,1.0,4.71238898038469,0.0,0.0,5.858552e-20,-0.0010998375
360,-0.6613879270715355,-1.0,-4.71238898038469,0.0,0.0,-1.5997297e-20,-0.0064332415
361,-0.6613879270715355,-1.0,-3.6651914291880923,0.0,0.0,1.5190212e-19,0.001990442
362,-0.6613879270715355,-1.0,-2.6179938779914944,0.0,0.0,-1.3686741e-19,-0.006283202
363,-0.6613879270715355,-1.0,-1.5707963267948966,0.0,0.0,1.3222437e-19,0.0020438347
364,-0.6613879270715355,-1.0,-0.5235987755982991,0.0,0.0,3.687788e-20,0.0013314317
365,-0.6613879270715355,-1.0,0.5235987755982983,0.0,0.0,1.2013938e-19,-0.0031772067
366,-0.6613879270715355,-1.0,1.5707963267948966,0.0,0.0,-9.194964e-21,-0.0043119593
367,-0.6613879270715355,-1.0,2.617993877991494,0.0,0.0,1.4953538e-19,-0.0014059619
368,-0.6613879270715355,-1.0,3.6651914291880914,0.0,0.0,-8.250847e-20,-0.0029143444
369,-0.6613879270715355,-1.0,4.71238898038469,0.0,0.0,-1.5998405e-20,-0.006433234
370,-0.6613879270715355,-0.33333333333333337,-4.71238898038469,1.0715821,-0.036491722,-0.01503111,0.0020920224
371,-0.6613879270715355,-0.33333333333333337,-3.6651914291880923,1.1881891,-0.019037537,0.0073335753,-0.0008186473
372,-0.6613879270715355,-0.33333333333333337,-2.6179938779914944,1.0246199,0.024112543,-0.08195402,-0.0053271716
373,-0.6613879270715355,-0.33333333333333337,-1.5707963267948966,1.0679883,0.0183608,0.040297445,-0.0034862938
374,-0.6613879270715355,-0.33333333333333337,-0.5235987755982991,1.1674532,0.0017764105,-0.047564372,0.0015920665
375,-0.6613879270715355,-0.33333333333333337,0.5235987755982983,1.1253273,0.014742479,0.030336881,0.0026220023
376,-0.6613879270715355,-0.33333333333333337,1.5707963267948966,0.97909236,0.023701891,-0.007582561,-0.0027219157
377,-0.6613879270715355,-0.33333333333333337,2.617993877991494,1.1049105,0.008704398,-0.028858962,0.0013009377
378,-0.6613879270715355,-0.33333333333333337,3.6651914291880914,1.2034023,-0.0067992904,-0.035978366,-0.00071548903
379,-0.6613879270715355,-0.33333333333333337,4.71238898038469,1.0715821,-0.036491737,-0.015031135,0.002092023
380,-0.6613879270715355,0.33333333333333326,-4.71238898038469,1.0716146,-0.06086951,-0.10476328,-0.0030976469
381,-0.6613879270715355,0.33333333333333326,-3.6651914291880923,1.0391513,-0.030152194,-0.048031542,-0.0003055116
382,-0.6613879270715355,0.33333333333333326,-2.6179938779914944,1.1848243,-0.062167197,-0.041352164,-0.0041531865
383,-0.6613879270715355,0.33333333333333326,-1.5707963267948966,1.0325401,-0.11231536,0.010655719,-0.0009563691
384,-0.6613879270715355,0.33333333333333326,-0.5235987755982991,1.0529046,0.045382656,-0.020707933,-0.009339642
385,-0.6613879270715355,0.33333333333333326,0.5235987755982983,1.1073173,0.039490987,-0.049049195,-4.7945225e-05
386,-0.6613879270715355,0.33333333333333326,1.5707963267948966,0.9655651,-0.008200201,0.094574176,-0.013389089
387,-0.6613879270715355,0.33333333333333326,2.617993877991494,1.0051919,-0.024734486,-0.07219688,-0.0013427779
388,-0.6613879270715355,0.33333333333333326,3.6651914291880914,1.0782835,0.055277947,-0.044889007,-0.0051225163
389,-0.6613879270715355,0.33333333333333326,4.71238898038469,1.0716146,-0.060869515,-0.10476328,-0.0030976466
390,-0.6613879270715355,1.0,-4.71238898038469,0.0,0.0,-1.544266e-20,0.009418344
391,-0.6613879270715355,1.0,-3.6651914291880923,0.0,0.0,-9.6634955e-20,0.0016336055
392,-0.6613879270715355,1.0,-2.6179938779914944,0.0,0.0,1.5875034e-19,-0.006119396
393,-0.6613879270715355,1.0,-1.5707963267948966,0.0,0.0,-2.3225738e-19,0.011846612
394,-0.6613879270715355,1.0,-0.5235987755982991,0.0,0.0,1.8955182e-19,-0.00032695
395,-0.6613879270715355,1.0,0.5235987755982983,0.0,0.0,4.3250987e-19,-0.003036859
396,-0.6613879270715355,1.0,1.5707963267948966,0.0,0.0,-1.53754e-21,-0.0006063264
397,-0.6613879270715355,1.0,2.617993877991494,0.0,0.0,-2.3353268e-19,-0.0053070467
398,-0.6613879270715355,1.0,3.6651914291880914,0.0,0.0,1.3738803e-20,0.0055397055
399,-0.6613879270715355,1.0,4.71238898038469,0.0,0.0,-1.5442939e-20,0.009418345
400,0.6613879270715355,-1.0,-4.71238898038469,0.0,0.0,-3.080075e-20,-0.0019792586
401,0.6613879270715355,-1.0,-3.6651914291880923,0.0,0.0,2.1689045e-19,-0.002531114
402,0.6613879270715355,-1.0,-2.6179938779914944,0.0,0.0,-1.2058519e-19,-0.004337299
403,0.6613879270715355,-1.0,-1.5707963267948966,0.0,0.0,8.1929745e-20,-0.0059945127
404,0.6613879270715355,-1.0,-0.5235987755982991,0.0,0.0,8.961478e-20,0.009587545
405,0.6613879270715355,-1.0,0.5235987755982983,0.0,0.0,1.9777782e-19,-0.0008742906
406,0.6613879270715355,-1.0,1.5707963267948966,0.0,0.0,5.622667e-20,-0.0036103458
407,0.6613879270715355,-1.0,2.617993877991494,0.0,0.0,-1.1635045e-19,0.0055880053
408,0.6613879270715355,-1.0,3.6651914291880914,0.0,0.0,1.7874073e-19,0.0071814344
409,0.6613879270715355,-1.0,4.71238898038469,0.0,0.0,-3.0800797e-20,-0.0019792554
410,0.6613879270715355,-0.33333333333333337,-4.71238898038469,1.0403838,0.062222227,-0.051674336,-0.0019442705
411,0.6613879270715355,-0.33333333333333337,-3.6651914291880923,1.1307737,-0.015662896,-0.04980755,-0.0029872775
412,0.6613879270715355,-0.33333333333333337,-2.6179938779914944,1.0746788,-0.032718506,0.06511244,-0.0062608435
413,0.6613879270715355,-0.33333333333333337,-1.5707963267948966,1.1073115,-0.034759328,-0.03064378,0.0016179912
414,0.6613879270715355,-0.33333333333333337,-0.5235987755982991,1.1803261,-0.047945406,0.009052944,-0.0029651755
415,0.6613879270715355,-0.33333333333333337,0.5235987755982983,1.0986072,0.007743631,-0.014299206,0.0012506209
416,0.6613879270715355,-0.33333333333333337,1.5707963267948966,1.1821758,-0.021947535,-0.06246162,-0.0016569339
417,0.6613879270715355,-0.33333333333333337,2.617993877991494,1.0640932,0.022623591,0.035541885,-0.0019136281
418,0.6613879270715355,-0.33333333333333337,3.6651914291880914,1.1295246,0.014810415,0.032671537,0.0011794454
419,0.6613879270715355,-0.33333333333333337,4.71238898038469,1.0403838,0.06222222,-0.05167435,-0.0019442684
420,0.6613879270715355,0.33333333333333326,-4.71238898038469,1.1017405,0.03480274,0.03257814,-0.0024430556
421,0.6613879270715355,0.33333333333333326,-3.6651914291880923,1.0323868,0.025998907,-0.034052674,-0.0011268161
422,0.6613879270715355,0.33333333333333326,-2.6179938779914944,1.1059958,0.0062619173,0.026947925,0.0002547234
423,0.6613879270715355,0.33333333333333326,-1.5707963267948966,1.1154478,0.022584423,0.047502942,0.0016155503
424,0.6613879270715355,0.33333333333333326,-0.5235987755982991,1.0868874,0.052643266,-0.08237206,0.0017547178
425,0.6613879270715355,0.33333333333333326,0.5235987755982983,1.0387734,-0.023613261,0.08855855,4.0028375e-05
426,0.6613879270715355,0.33333333333333326,1.5707963267948966,1.0697469,0.035995614,-0.018519735,-0.00013773289
427,0.6613879270715355,0.33333333333333326,2.617993877991494,1.1134804,-0.0023598846,0.047130138,-0.001063541
428,0.6613879270715355,0.33333333333333326,3.6651914291880914,1.0744628,0.012502892,-0.06895808,0.0021795728
429,0.6613879270715355,0.33333333333333326,4.71238898038469,1.1017405,0.03480272,0.03257811,-0.0024430554
430,0.6613879270715355,1.0,-4.71238898038469,0.0,0.0,-4.6379196e-20,0.0037365595
431,0.6613879270715355,1.0,-3.6651914291880923,0.0,0.0,-1.9009015e-19,-0.0021494096
432,0.6613879270715355,1.0,-2.6179938779914944,0.0,0.0,-2.8444805e-19,-0.02850138
433,0.6613879270715355,1.0,-1.5707963267948966,0.0,0.0,2.2410758e-19,-0.0014367134
434,0.6613879270715355,1.0,-0.5235987755982991,0.0,0.0,3.8793e-20,-0.012793426
435,0.6613879270715355,1.0,0.5235987755982983,0.0,0.0,-1.0287134e-19,-0.0023725766
436,0.6613879270715355,1.0,1.5707963267948966,0.0,0.0,-2.4519412e-19,-0.0012984249
437,0.6613879270715355,1.0,2.617993877991494,0.0,0.0,-9.4445705e-20,-0.01661017
438,0.6613879270715355,1.0,3.6651914291880914,0.0,0.0,-1.472315e-19,-0.0009419587
439,0.6613879270715355,1.0,4.71238898038469,0.0,0.0,-4.6378676e-20,0.0037365572
440,1.9841637812146065,-1.0,-4.71238898038469,0.0,0.0,5.3401653e-20,-0.017257929
441,1.9841637812146065,-1.0,-3.6651914291880923,0.0,0.0,-1.8131432e-19,-0.0074421475
442,1.9841637812146065,-1.0,-2.6179938779914944,0.0,0.0,2.0133524e-19,-0.0028736226
443,1.9841637812146065,-1.0,-1.5707963267948966,0.0,0.0,1.2992048e-20,-0.0019001144
444,1.9841637812146065,-1.0,-0.5235987755982991,0.0,0.0,-4.417376e-20,-0.006072868
445,1.9841637812146065,-1.0,0.5235987755982983,0.0,0.0,-1.2831116e-19,0.006652308
446,1.9841637812146065,-1.0,1.5707963267948966,0.0,0.0,1.5776957e-19,0.005934795
447,1.9841637812146065,-1.0,2.617993877991494,0.0,0.0,4.8138458e-20,0.002016609
448,1.9841637812146065,-1.0,3.6651914291880914,0.0,0.0,-4.645575e-19,0.00029615426
449,1.9841637812146065,-1.0,4.71238898038469,0.0,0.0,5.3400994e-20,-0.017257938
450,1.9841637812146065,-0.33333333333333337,-4.71238898038469,0.95371526,0.04268284,0.06275056,-0.00060635933
451,1.9841637812146065,-0.33333333333333337,-3.6651914291880923,1.0429486,-0.017402258,-0.06305398,-0.0017017354
452,1.9841637812146065,-0.33333333333333337,-2.6179938779914944,1.0638559,0.08022054,0.010560064,0.0035040642
453,1.9841637812146065,-0.33333333333333337,-1.5707963267948966,1.0777824,0.045796048,0.051109307,-0.0016392516
454,1.9841637812146065,-0.33333333333333337,-0.5235987755982991,1.0723231,-0.06317466,-0.0072913943,-0.0026414022
455,1.9841637812146065,-0.33333333333333337,0.5235987755982983,1.004932,0.065363176,-0.04288109,-0.001098601
456,1.9841637812146065,-0.33333333333333337,1.5707963267948966,1.1161768,0.018549496,0.016493995,-0.003209177
457,1.9841637812146065,-0.33333333333333337,2.617993877991494,1.1778358,0.019571984,0.0011498759,-0.00094522204
458,1.9841637812146065,-0.33333333333333337,3.6651914291880914,1.0679219,0.022302125,0.01722852,0.000901213
459,1.9841637812146065,-0.33333333333333337,4.71238898038469,0.95371526,0.0426829,0.06275053,-0.0006063584
460,1.9841637812146065,0.33333333333333326,-4.71238898038469,1.1307808,0.013541035,-0.032504186,0.00054982695
461,1.9841637812146065,0.33333333333333326,-3.6651914291880923,1.15202,-0.0148519995,0.033678666,-0.00014990105
462,1.9841637812146065,0.33333333333333326,-2.6179938779914944,1.16391,0.03121269,0.01766603,-0.0013454795
463,1.9841637812146065,0.33333333333333326,-1.5707963267948966,1.1057332,-0.032811057,-0.03430234,-0.006479937
464,1.9841637812146065,0.33333333333333326,-0.5235987755982991,0.9414165,-0.025106642,-0.015493295,-0.0028145402
465,1.9841637812146065,0.33333333333333326,0.5235987755982983,1.2004788,0.030044576,0.017425837,-0.0027267274
466,1.9841637812146065,0.33333333333333326,1.5707963267948966,1.0537632,0.04397736,-0.010409081,-0.003387965
467,1.9841637812146065,0.33333333333333326,2.617993877991494,1.0440613,0.072915055,0.03544463,-0.00097573525
468,1.9841637812146065,0.33333333333333326,3.6651914291880914,0.9555787,0.053117245,-0.03278182,-0.01214528
469,1.9841637812146065,0.33333333333333326,4.71238898038469,1.1307808,0.013541041,-0.032504186,0.0005498268
470,1.9841637812146065,1.0,-4.71238898038469,0.0,0.0,2.6838358e-19,0.0058193826
471,1.9841637812146065,1.0,-3.6651914291880923,0.0,0.0,-2.0701182e-19,0.0018741078
472,1.9841637812146065,1.0,-2.6179938779914944,0.0,0.0,6.518933e-20,-0.002804735
473,1.9841637812146065,1.0,-1.5707963267948966,0.0,0.0,2.3893944e-19,-0.003506697
474,1.9841637812146065,1.0,-0.5235987755982991,0.0,0.0,-4.087386e-19,0.001649066
475,1.9841637812146065,1.0,0.5235987755982983,0.0,0.0,1.0436624e-19,-0.0068307435
476,1.9841637812146065,1.0,1.5707963267948966,0.0,0.0,1.4976858e-20,0.0011495845
477,1.9841637812146065,1.0,2.617993877991494,0.0,0.0,1.00731496e-19,0.0014562989
478,1.9841637812146065,1.0,3.6651914291880914,0.0,0.0,-1.2350697e-19,-0.0016207515
479,1.9841637812146065,1.0,4.71238898038469,0.0,0.0,2.683833e-19,0.005819385
480,3.3069396353576757,-1.0,-4.71238898038469,0.0,0.0,3.9689602e-20,-0.0041276044
481,3.3069396353576757,-1.0,-3.6651914291880923,0.0,0.0,-3.079088e-20,-0.00014008947
482,3.3069396353576757,-1.0,-2.6179938779914944,0.0,0.0,1.1640313e-19,-0.00898476
483,3.3069396353576757,-1.0,-1.5707963267948966,0.0,0.0,1.3908035e-19,0.0044174865
484,3.3069396353576757,-1.0,-0.5235987755982991,0.0,0.0,-1.2578775e-19,-0.009260646
485,3.3069396353576757,-1.0,0.5235987755982983,0.0,0.0,6.97385e-20,-0.0030512828
486,3.3069396353576757,-1.0,1.5707963267948966,0.0,0.0,1.5973702e-19,0.007546218
487,3.3069396353576757,-1.0,2.617993877991494,0.0,0.0,-1.3238727e-19,-0.0037454886
488,3.3069396353576757,-1.0,3.6651914291880914,0.0,0.0,-9.360512e-20,-0.0053202636
489,3.3069396353576757,-1.0,4.71238898038469,0.0,0.0,3.9689312e-20,-0.004127607
490,3.3069396353576757,-0.33333333333333337,-4.71238898038469,1.0561153,0.051080417,-0.034870602,1.3461101e-05
491,3.3069396353576757,-0.33333333333333337,-3.6651914291880923,0.99608105,0.076107904,-0.061773792,-0.0011937916
492,3.3069396353576757,-0.33333333333333337,-2.6179938779914944,1.0766993,0.02796065,0.013523456,0.0007991335
493,3.3069396353576757,-0.33333333333333337,-1.5707963267948966,0.99190027,0.037820976,-0.022411114,-0.0027807248
494,3.3069396353576757,-0.33333333333333337,-0.5235987755982991,1.1568106,-0.03376931,-0.039228264,-0.0014896094
495,3.3069396353576757,-0.33333333333333337,0.5235987755982983,1.0603037,-0.023958517,-0.05347233,0.0015335507
496,3.3069396353576757,-0.33333333333333337,1.5707963267948966,1.1606615,-0.029006785,-0.013911486,0.0001453227
497,3.3069396353576757,-0.33333333333333337,2.617993877991494,1.0508113,0.0378325,0.009759201,0.0056348257
498,3.3069396353576757,-0.33333333333333337,3.6651914291880914,1.1656208,0.0117752515,-0.03410381,-0.0028620416
499,3.3069396353576757,-0.33333333333333337,4.71238898038469,1.0561154,0.05108038,-0.034870617,1.3461682e-05
500,3.3069396353576757,0.33333333333333326,-4.71238898038469,1.1119918,0.0006986763,0.02455242,-0.0009191229
501,3.3069396353576757,0.33333333333333326,-3.6651914291880923,1.078686,-0.014084566,-0.0021405881,-0.001750393
502,3.3069396353576757,0.33333333333333326,-2.6179938779914944,1.1204844,-0.00016275945,0.006521068,0.00048984855
503,3.3069396353576757,0.33333333333333326,-1.5707963267948966,0.9882174,-0.06376965,0.016472774,0.0025091995
504,3.3069396353576757,0.33333333333333326,-0.5235987755982991,0.95007825,-0.11229549,-0.088586636,-0.01060983
505,3.3069396353576757,0.33333333333333326,0.5235987755982983,1.1857076,-0.04623344,0.008527037,-0.0021647944
506,3.3069396353576757,0.33333333333333326,1.5707963267948966,1.044399,-0.04425968,0.017176589,-0.0033958543
507,3.3069396353576757,0.33333333333333326,2.617993877991494,1.2035971,0.055670597,-0.034948982,-0.0029692885
508,3.3069396353576757,0.33333333333333326,3.6651914291880914,1.0659966,0.09251388,0.039194897,-0.0023504468
509,3.3069396353576757,0.33333333333333326,4.71238898038469,1.1119918,0.0006986671,0.02455242,-0.00091912306
510,3.3069396353576757,1.0,-4.71238898038469,0.0,0.0,7.836424e-20,0.0016480965
511,3.3069396353576757,1.0,-3.6651914291880923,0.0,0.0,6.765247e-20,-0.005293204
512,3.3069396353576757,1.0,-2.6179938779914944,0.0,0.0,-1.2173e-19,0.0002928742
513,3.3069396353576757,1.0,-1.5707963267948966,0.0,0.0,-7.101218e-20,0.0028042635
514,3.3069396353576757,1.0,-0.5235987755982991,0.0,0.0,-2.938672e-20,-0.004423344
515,3.3069396353576757,1.0,0.5235987755982983,0.0,0.0,2.314624e-19,0.0013359002
516,3.3069396353576757,1.0,1.5707963267948966,0.0,0.0,-2.8119233e-20,-0.0018883873
517,3.3069396353576757,1.0,2.617993877991494,0.0,0.0,-3.2869872e-19,-0.009847822
518,3.3069396353576757,1.0,3.6651914291880914,0.0,0.0,-1.2834276e-19,0.013573595
519,3.3069396353576757,1.0,4.71238898038469,0.0,0.0,7.8364545e-20,0.0016480958
520,4.629715489500747,-1.0,-4.71238898038469,0.0,0.0,-1.3615481e-19,-0.0023049507
521,4.629715489500747,-1.0,-3.6651914291880923,0.0,0.0,-2.8763456e-19,0.0029104124
522,4.629715489500747,-1.0,-2.6179938779914944,0.0,0.0,7.323814e-20,0.004570624
523,4.629715489500747,-1.0,-1.5707963267948966,0.0,0.0,1.575809e-19,0.010268025
524,4.629715489500747,-1.0,-0.5235987755982991,0.0,0.0,-2.1431444e-19,-0.0072339918
525,4.629715489500747,-1.0,0.5235987755982983,0.0,0.0,-1.4689722e-19,-0.00071471283
526,4.629715489500747,-1.0,1.5707963267948966,0.0,0.0,-5.715212e-19,0.008298318
527,4.629715489500747,-1.0,2.617993877991494,0.0,0.0,-1.06474217e-19,0.0054873237
528,4.629715489500747,-1.0,3.6651914291880914,0.0,0.0,-1.1374023e-19,0.008554162
529,4.629715489500747,-1.0,4.71238898038469,0.0,0.0,-1.3615486e-19,-0.0023049472
530,4.629715489500747,-0.33333333333333337,-4.71238898038469,0.9174566,0.03948108,0.080963045,-0.00018081158
531,4.629715489500747,-0.33333333333333337,-3.6651914291880923,1.0894661,0.010821712,-0.07001039,0.00066171546
532,4.629715489500747,-0.33333333333333337,-2.6179938779914944,1.1641247,-0.0019900033,0.02734783,-0.0062695933
533,4.629715489500747,-0.33333333333333337,-1.5707963267948966,1.0390724,0.02524385,0.06760844,-0.0018692544
534,4.629715489500747,-0.33333333333333337,-0.5235987755982991,1.1419612,-0.03226666,0.01909539,0.0005646527
535,4.629715489500747,-0.33333333333333337,0.5235987755982983,0.9684903,0.042750034,0.05168268,-0.0009783676
536,4.629715489500747,-0.33333333333333337,1.5707963267948966,1.1547153,-0.026206601,-0.006359617,0.0056825173
537,4.629715489500747,-0.33333333333333337,2.617993877991494,0.93953544,0.022891732,-0.061918937,-0.005297978
538,4.629715489500747,-0.33333333333333337,3.6651914291880914,1.1216426,-0.038150698,0.044113327,0.0016528298
539,4.629715489500747,-0.33333333333333337,4.71238898038469,0.9174566,0.03948109,0.08096305,-0.00018081117
540,4.629715489500747,0.33333333333333326,-4.71238898038469,1.0941758,-0.02382436,0.024002435,0.0032018782
541,4.629715489500747,0.33333333333333326,-3.6651914291880923,1.1256534,-0.007713279,0.012510888,0.0011844342
542,4.629715489500747,0.33333333333333326,-2.6179938779914944,1.1848178,0.07216718,0.049764823,-0.008479208
543,4.629715489500747,0.33333333333333326,-1.5707963267948966,1.082504,0.005347942,0.05508438,-0.0009801576
544,4.629715489500747,0.33333333333333326,-0.5235987755982991,1.0340672,-0.110528156,-0.0008778778,-0.003164237
545,4.629715489500747,0.33333333333333326,0.5235987755982983,1.088244,0.033467203,-0.009729635,0.001785985
546,4.629715489500747,0.33333333333333326,1.5707963267948966,1.1184747,0.004896249,0.007541893,0.0019759748
547,4.629715489500747,0.33333333333333326,2.617993877991494,1.2033273,0.069432765,-0.035263237,-0.0002608948
548,4.629715489500747,0.33333333333333326,3.6651914291880914,0.9739781,-0.013987956,-0.02794223,-8.2924e-05
549,4.629715489500747,0.33333333333333326,4.71238898038469,1.0941758,-0.023824358,0.024002442,0.003201878
550,4.629715489500747,1.0,-4.71238898038469,0.0,0.0,-1.2557207e-20,-0.0030758518
551,4.629715489500747,1.0,-3.6651914291880923,0.0,0.0,-2.6373708e-19,-0.00563948
552,4.629715489500747,1.0,-2.6179938779914944,0.0,0.0,-2.1304798e-19,-0.0027437606
553,4.629715489500747,1.0,-1.5707963267948966,0.0,0.0,1.04825484e-19,0.0046931505
554,4.629715489500747,1.0,-0.5235987755982991,0.0,0.0,-1.223107e-19,-7.89487e-06
555,4.629715489500747,1.0,0.5235987755982983,0.0,0.0,-2.7321515e-19,0.0022349916
556,4.629715489500747,1.0,1.5707963267948966,0.0,0.0,-1.5533489e-19,0.0011533786
557,4.629715489500747,1.0,2.617993877991494,0.0,0.0,-5.1813053e-19,-0.0017406776
558,4.629715489500747,1.0,3.6651914291880914,0.0,0.0,-8.0691e-20,-0.0029946114
559,4.629715489500747,1.0,4.71238898038469,0.0,0.0,-1.2557316e-20,-0.0030758504
560,5.952491343643818,-1.0,-4.71238898038469,0.0,0.0,1.3233928e-20,-0.0073513165
561,5.952491343643818,-1.0,-3.6651914291880923,0.0,0.0,-7.322948e-20,0.007922291
562,5.952491343643818,-1.0,-2.6179938779914944,0.0,0.0,-2.1640417e-19,0.00079325144
563,5.952491343643818,-1.0,-1.5707963267948966,0.0,0.0,1.3242248e-19,0.0018079716
564,5.952491343643818,-1.0,-0.5235987755982991,0.0,0.0,-1.8563037e-19,0.0014128617
565,5.952491343643818,-1.0,0.5235987755982983,0.0,0.0,2.7739582e-19,-0.0019014699
566,5.952491343643818,-1.0,1.5707963267948966,0.0,0.0,1.0688346e-19,-0.00036137912
567,5.952491343643818,-1.0,2.617993877991494,0.0,0.0,-8.2328666e-20,-0.008258102
568,5.952491343643818,-1.0,3.6651914291880914,0.0,0.0,-2.6545906e-19,0.012667127
569,5.952491343643818,-1.0,4.71238898038469,0.0,0.0,1.3233841e-20,-0.007351315
570,5.952491343643818,-0.33333333333333337,-4.71238898038469,0.99633574,0.010205488,0.015278497,0.0033275087
571,5.952491343643818,-0.33333333333333337,-3.6651914291880923,1.1026498,-0.03829367,-0.0060783057,-8.1540355e-05
572,5.952491343643818,-0.33333333333333337,-2.6179938779914944,0.9721856,0.035905156,0.042076893,-0.0006007877
573,5.952491343643818,-0.33333333333333337,-1.5707963267948966,0.96862334,0.07309452,0.011527943,-0.0052542067
574,5.952491343643818,-0.33333333333333337,-0.5235987755982991,0.9997037,0.038451593,0.0019296794,-0.0016958097
575,5.952491343643818,-0.33333333333333337,0.5235987755982983,1.1068,-0.0033119686,-0.012759718,-0.002928443
576,5.952491343643818,-0.33333333333333337,1.5707963267948966,1.2351886,0.008938042,-0.0060236184,-0.005094656
577,5.952491343643818,-0.33333333333333337,2.617993877991494,0.9403334,-0.0325751,-0.022806749,-0.0014604535
578,5.952491343643818,-0.33333333333333337,3.6651914291880914,1.1338722,-0.009676495,0.029024154,0.0020314837
579,5.952491343643818,-0.33333333333333337,4.71238898038469,0.9963357,0.010205521,0.015278527,0.0033275078
580,5.952491343643818,0.33333333333333326,-4.71238898038469,1.1586311,0.015684055,0.03312576,-0.00016691689
581,5.952491343643818,0.33333333333333326,-3.6651914291880923,1.0376366,0.075960524,-0.04275492,0.0007062187
582,5.952491343643818,0.33333333333333326,-2.6179938779914944,1.0765524,-0.04993024,0.02989728,0.0020674088
583,5.952491343643818,0.33333333333333326,-1.5707963267948966,1.0300976,-0.012455976,-0.07553394,-0.0015552524
584,5.952491343643818,0.33333333333333326,-0.5235987755982991,1.0498134,-0.0073938076,0.03677935,0.00036876413
585,5.952491343643818,0.33333333333333326,0.5235987755982983,1.1389014,-0.03956161,0.027661067,-0.00049652817
586,5.952491343643818,0.33333333333333326,1.5707963267948966,1.1258336,0.060599864,0.024356743,-0.0041881036
587,5.952491343643818,0.33333333333333326,2.617993877991494,1.1016916,-0.019226836,0.01605049,0.0015734527
588,5.952491343643818,0.33333333333333326,3.6651914291880914,1.0685679,-0.021018382,0.0122254295,-0.0032032172
589,5.952491343643818,0.33333333333333326,4.71238898038469,1.1586311,0.015684057,0.033125762,-0.00016691686
590,5.952491343643818,1.0,-4.71238898038469,0.0,0.0,-1.4989096e-19,-0.0048745777
591,5.952491343643818,1.0,-3.6651914291880923,0.0,0.0,-2.4062162e-19,0.0018267523
592,5.952491343643818,1.0,-2.6179938779914944,0.0,0.0,-1.8508239e-19,0.014119702
593,5.952491343643818,1.0,-1.5707963267948966,0.0,0.0,2.1718427e-20,-0.001500735
594,5.952491343643818,1.0,-0.5235987755982991,0.0,0.0,1.9548776e-19,-0.001450817
595,5.952491343643818,1.0,0.5235987755982983,0.0,0.0,1.5845748e-19,0.0015912114
596,5.952491343643818,1.0,1.5707963267948966,0.0,0.0,-2.0256445e-19,-0.0036705104
597,5.952491343643818,1.0,2.617993877991494,0.0,0.0,1.7863945e-19,-0.00044218032
598,5.952491343643818,1.0,3.6651914291880914,0.0,0.0,2.1351158e-19,-0.00086242834
599,5.952491343643818,1.0,4.71238898038469,0.0,0.0,-1.4989114e-19,-0.004874578
600,7.275267197786889,-1.0,-4.71238898038469,0.0,0.0,3.6517594e-20,-0.009367874
601,7.275267197786889,-1.0,-3.6651914291880923,0.0,0.0,2.7739533e-19,-0.008286869
602,7.275267197786889,-1.0,-2.6179938779914944,0.0,0.0,-2.6981543e-19,0.006333362
603,7.275267197786889,-1.0,-1.5707963267948966,0.0,0.0,-1.574805e-19,0.00046076393
604,7.275267197786889,-1.0,-0.5235987755982991,0.0,0.0,-4.05035e-20,0.0088292565
605,7.275267197786889,-1.0,0.5235987755982983,0.0,0.0,-1.282542e-19,-0.0071016164
606,7.275267197786889,-1.0,1.5707963267948966,0.0,0.0,-2.9121524e-20,-0.002416942
607,7.275267197786889,-1.0,2.617993877991494,0.0,0.0,3.4708545e-19,-0.002546804
608,7.275267197786889,-1.0,3.6651914291880914,0.0,0.0,-2.441345e-19,-0.0020186286
609,7.275267197786889,-1.0,4.71238898038469,0.0,0.0,3.6517297e-20,-0.009367872
610,7.275267197786889,-0.33333333333333337,-4.71238898038469,1.0525367,-0.028876632,0.075995706,-0.0087577
611,7.275267197786889,-0.33333333333333337,-3.6651914291880923,1.1251166,-0.038378984,0.01784783,0.00033286662
612,7.275267197786889,-0.33333333333333337,-2.6179938779914944,1.0830199,0.049508873,-0.025130654,-0.0013153458
613,7.275267197786889,-0.33333333333333337,-1.5707963267948966,1.0607164,0.043873064,-0.041573495,-0.0033034733
614,7.275267197786889,-0.33333333333333337,-0.5235987755982991,1.1553639,0.006349147,-0.03528769,-0.001988174
615,7.275267197786889,-0.33333333333333337,0.5235987755982983,1.0378239,-0.042384267,-0.0085229855,-0.00442755
616,7.275267197786889,-0.33333333333333337,1.5707963267948966,1.1565497,-0.022254193,-0.092963345,-0.0018948368
617,7.275267197786889,-0.33333333333333337,2.617993877991494,1.0053176,0.13071272,0.01059953,-0.003479907
618,7.275267197786889,-0.33333333333333337,3.6651914291880914,1.1351535,0.00531624,0.014834584,0.0006376225
619,7.275267197786889,-0.33333333333333337,4.71238898038469,1.0525368,-0.028876623,0.07599571,-0.008757697
620,7.275267197786889,0.33333333333333326,-4.71238898038469,1.1130061,-0.020940533,0.044591345,-0.0010124686
621,7.275267197786889,0.33333333333333326,-3.6651914291880923,1.1585087,0.042843398,0.00078127324,-0.0024908872
622,7.275267197786889,0.33333333333333326,-2.6179938779914944,1.0984015,0.021388976,0.06860149,-0.005285096
623,7.275267197786889,0.33333333333333326,-1.5707963267948966,1.0703348,-0.0257109,-0.011720916,-0.0020075096
624,7.275267197786889,0.33333333333333326,-0.5235987755982991,1.0122683,0.042025223,0.082522795,-0.002003865
625,7.275267197786889,0.33333333333333326,0.5235987755982983,1.1538993,-0.041993655,0.040166628,0.0015604155
626,7.275267197786889,0.33333333333333326,1.5707963267948966,1.1423697,0.033314854,-0.054349955,0.001332983
627,7.275267197786889,0.33333333333333326,2.617993877991494,1.0583669,-0.028413221,0.013813166,-0.0047512176
628,7.275267197786889,0.33333333333333326,3.6651914291880914,1.1231152,0.018452065,0.07626729,-0.005151837
629,7.275267197786889,0.33333333333333326,4.71238898038469,1.1130061,-0.02094053,0.04459135,-0.0010124687
630,7.275267197786889,1.0,-4.71238898038469,0.0,0.0,3.7107558e-19,0.0015292122
631,7.275267197786889,1.0,-3.6651914291880923,0.0,0.0,-1.8416693e-19,0.002469061
632,7.275267197786889,1.0,-2.6179938779914944,0.0,0.0,-2.2426653e-19,-0.00079704105
633,7.275267197786889,1.0,-1.5707963267948966,0.0,0.0,-4.0033e-19,-0.0048858393
634,7.275267197786889,1.0,-0.5235987755982991,0.0,0.0,-1.7571532e-19,-0.0016115485
635,7.275267197786889,1.0,0.5235987755982983,0.0,0.0,-3.3282142e-19,0.014752921
636,7.275267197786889,1.0,1.5707963267948966,0.0,0.0,-7.2532696e-20,0.007596137
637,7.275267197786889,1.0,2.617993877991494,0.0,0.0,1.6998767e-19,-0.0020912413
638,7.275267197786889,1.0,3.6651914291880914,0.0,0.0,-2.8768566e-19,-0.0047717597
639,7.275267197786889,1.0,4.71238898038469,0.0,0.0,3.7107542e-19,0.0015292168
640,8.59804305192996,-1.0,-4.71238898038469,0.0,0.0,-2.2493776e-19,0.0027290236
641,8.59804305192996,-1.0,-3.6651914291880923,0.0,0.0,1.3861912e-19,5.2223953e-05
642,8.59804305192996,-1.0,-2.6179938779914944,0.0,0.0,-3.9332306e-20,-0.012670085
643,8.59804305192996,-1.0,-1.5707963267948966,0.0,0.0,-3.5944665e-20,0.0031625878
644,8.59804305192996,-1.0,-0.5235987755982991,0.0,0.0,9.8588596e-21,0.008063119
645,8.59804305192996,-1.0,0.5235987755982983,0.0,0.0,1.2920516e-19,-0.0065375953
646,8.59804305192996,-1.0,1.5707963267948966,0.0,0.0,-1.4230437e-19,-0.003008292
647,8.59804305192996,-1.0,2.617993877991494,0.0,0.0,2.119579e-20,-0.012073087
648,8.59804305192996,-1.0,3.6651914291880914,0.0,0.0,1.2312232e-19,0.0022107498
649,8.59804305192996,-1.0,4.71238898038469,0.0,0.0,-2.2493734e-19,0.0027290245
650,8.59804305192996,-0.33333333333333337,-4.71238898038469,1.0262871,0.0013356109,-0.0011650741,0.0010063486
651,8.59804305192996,-0.33333333333333337,-3.6651914291880923,0.9921354,0.048164237,0.022087889,-0.0021792355
652,8.59804305192996,-0.33333333333333337,-2.6179938779914944,1.1189119,-0.011950748,0.0162048,-0.0013418214
653,8.59804305192996,-0.33333333333333337,-1.5707963267948966,1.1215962,0.008878234,0.021797152,0.0023230356
654,8.59804305192996,-0.33333333333333337,-0.5235987755982991,1.1630397,0.021837456,-0.020356104,-0.00082234235
655,8.59804305192996,-0.33333333333333337,0.5235987755982983,1.1385238,0.011485315,-0.0195413,0.00050702
656,8.59804305192996,-0.33333333333333337,1.5707963267948966,1.0423317,-0.0057892757,-0.023435649,-0.0017094241
657,8.59804305192996,-0.33333333333333337,2.617993877991494,0.97007984,0.048300628,-0.0078493655,-0.0007489783
658,8.59804305192996,-0.33333333333333337,3.6651914291880914,1.1820894,-0.059022684,0.048598673,-0.00031184504
659,8.59804305192996,-0.33333333333333337,4.71238898038469,1.0262871,0.001335595,-0.0011650515,0.0010063489
660,8.59804305192996,0.33333333333333326,-4.71238898038469,1.0145491,-0.06397611,-0.023296645,0.005703176
661,8.59804305192996,0.33333333333333326,-3.6651914291880923,1.0541697,-0.09092702,-0.042811505,-0.0051140925
662,8.59804305192996,0.33333333333333326,-2.6179938779914944,0.97383255,-0.02896987,-0.015017277,-0.0046602003
663,8.59804305192996,0.33333333333333326,-1.5707963267948966,1.0805489,0.03117918,0.0993219,0.0013920043
664,8.59804305192996,0.33333333333333326,-0.5235987755982991,0.9248726,0.03274168,0.05338153,-0.0087616835
665,8.59804305192996,0.33333333333333326,0.5235987755982983,1.0750847,-0.0645788,-0.11509617,-0.002707151
666,8.59804305192996,0.33333333333333326,1.5707963267948966,1.1737345,0.019846832,-0.0003121821,0.00019338643
667,8.59804305192996,0.33333333333333326,2.617993877991494,1.1397926,0.071745515,0.06129156,-0.01639063
668,8.59804305192996,0.33333333333333326,3.6651914291880914,1.143409,-0.015612072,-0.008869321,-0.00046204077
669,8.59804305192996,0.33333333333333326,4.71238898038469,1.0145491,-0.0639761,-0.02329663,0.0057031764
670,8.59804305192996,1.0,-4.71238898038469,0.0,0.0,-1.1773401e-21,-0.01075283
671,8.59804305192996,1.0,-3.6651914291880923,0.0,0.0,-1.5259986e-20,0.0012832242
672,8.59804305192996,1.0,-2.6179938779914944,0.0,0.0,4.4266234e-20,0.0050713583
673,8.59804305192996,1.0,-1.5707963267948966,0.0,0.0,-7.9840384e-20,-6.52447e-05
674,8.59804305192996,1.0,-0.5235987755982991,0.0,0.0,1.1733642e-19,0.00041525534
675,8.59804305192996,1.0,0.5235987755982983,0.0,0.0,-3.0306962e-19,0.0021673865
676,8.59804305192996,1.0,1.5707963267948966,0.0,0.0,3.1646503e-19,0.0003713546
677,8.59804305192996,1.0,2.617993877991494,0.0,0.0,-1.4184554e-19,0.0049753017
678,8.59804305192996,1.0,3.6651914291880914,0.0,0.0,-1.4156238e-19,-0.0044757957
679,8.59804305192996,1.0,4.71238898038469,0.0,0.0,-1.1767398e-21,-0.0107528325
680,9.92081890607303,-1.0,-4.71238898038469,0.0,0.0,-1.9271856e-19,-0.0043877307
681,9.92081890607303,-1.0,-3.6651914291880923,0.0,0.0,-1.6875283e-19,-0.003996201
682,9.92081890607303,-1.0,-2.6179938779914944,0.0,0.0,1.1029334e-19,-0.0035297964
683,9.92081890607303,-1.0,-1.5707963267948966,0.0,0.0,2.0713321e-19,-0.007262598
684,9.92081890607303,-1.0,-0.5235987755982991,0.0,0.0,-7.858153e-20,-0.00764621
685,9.92081890607303,-1.0,0.5235987755982983,0.0,0.0,-1.9390677e-20,-0.0047158534
686,9.92081890607303,-1.0,1.5707963267948966,0.0,0.0,-4.834604e-20,-2.454667e-05
687,9.92081890607303,-1.0,2.617993877991494,0.0,0.0,-1.3236526e-20,-0.007038363
688,9.92081890607303,-1.0,3.6651914291880914,0.0,0.0,-1.3950502e-19,-0.010480923
689,9.92081890607303,-1.0,4.71238898038469,0.0,0.0,-1.9271872e-19,-0.004387739
690,9.92081890607303,-0.33333333333333337,-4.71238898038469,1.1085767,0.008411371,-0.011957363,-0.0013546591
691,9.92081890607303,-0.33333333333333337,-3.6651914291880923,1.0587156,0.011298428,-0.070684075,-0.00011811819
692,9.92081890607303,-0.33333333333333337,-2.6179938779914944,1.108144,-0.0006646523,0.03144813,0.0021626984
693,9.92081890607303,-0.33333333333333337,-1.5707963267948966,1.1572734,-0.040694032,-0.01117577,-0.0038436947
694,9.92081890607303,-0.33333333333333337,-0.5235987755982991,1.1317902,0.06452628,0.047401864,0.0066995258
695,9.92081890607303,-0.33333333333333337,0.5235987755982983,1.0423671,-0.01614,0.002543317,-0.0023242699
696,9.92081890607303,-0.33333333333333337,1.5707963267948966,1.1556333,-0.041559137,-0.0020393091,-0.0015087222
697,9.92081890607303,-0.33333333333333337,2.617993877991494,1.1205913,-0.06999168,-0.17657098,-0.014364505
698,9.92081890607303,-0.33333333333333337,3.6651914291880914,1.0737723,0.052653324,0.024567233,-0.0018576153
699,9.92081890607303,-0.33333333333333337,4.71238898038469,1.1085767,0.008411377,-0.011957378,-0.0013546593
700,9.92081890607303,0.33333333333333326,-4.71238898038469,1.0910558,0.028414577,0.07521284,-0.0029183326
701,9.92081890607303,0.33333333333333326,-3.6651914291880923,0.9842377,-0.0064787134,0.028701805,-0.002646203
702,9.92081890607303,0.33333333333333326,-2.6179938779914944,1.0938127,0.043766566,-0.017322436,-0.0013907043
703,9.92081890607303,0.33333333333333326,-1.5707963267948966,1.0923433,0.012639442,0.043905467,-0.0054509416
704,9.92081890607303,0.33333333333333326,-0.5235987755982991,1.0154095,-0.056063842,0.011206498,-0.0027802817
705,9.92081890607303,0.33333333333333326,0.5235987755982983,1.148149,-0.00030932567,-0.00012937147,-0.0021689082
706,9.92081890607303,0.33333333333333326,1.5707963267948966,1.0810013,-0.032994904,-0.020215532,-0.0035630353
707,9.92081890607303,0.33333333333333326,2.617993877991494,1.0347385,-0.12708448,0.07310011,-0.0094071515
708,9.92081890607303,0.33333333333333326,3.6651914291880914,1.1316462,0.014785606,0.031766463,-0.0022801678
709,9.92081890607303,0.33333333333333326,4.71238898038469,1.0910558,0.028414572,0.07521285,-0.0029183323
710,9.92081890607303,1.0,-4.71238898038469,0.0,0.0,4.4020656e-20,0.002807209
711,9.92081890607303,1.0,-3.6651914291880923,0.0,0.0,1.2804174e-19,-0.0014040907
712,9.92081890607303,1.0,-2.6179938779914944,0.0,0.0,6.945018e-20,0.0049177133
713,9.92081890607303,1.0,-1.5707963267948966,0.0,0.0,3.8464552e-19,0.00053585053
714,9.92081890607303,1.0,-0.5235987755982991,0.0,0.0,1.1279271e-19,-0.008754668
715,9.92081890607303,1.0,0.5235987755982983,0.0,0.0,-1.3830084e-19,-0.00061282684
716,9.92081890607303,1.0,1.5707963267948966,0.0,0.0,-6.846704e-21,-0.01227138
717,9.92081890607303,1.0,2.617993877991494,0.0,0.0,-3.8843264e-19,-0.0033055816
718,9.92081890607303,1.0,3.6651914291880914,0.0,0.0,-1.07666255e-19,0.00012394575
719,9.92081890607303,1.0,4.71238898038469,0.0,0.0,4.4020465e-20,0.0028072046
720,11.243594760216101,-1.0,-4.71238898038469,0.0,0.0,-9.348876e-20,-0.0024024905
721,11.243594760216101,-1.0,-3.6651914291880923,0.0,0.0,-1.1511442e-19,-0.003944714
722,11.243594760216101,-1.0,-2.6179938779914944,0.0,0.0,1.5263216e-19,-0.0013122007
723,11.243594760216101,-1.0,-1.5707963267948966,0.0,0.0,-6.888653e-20,-0.010237724
724,11.243594760216101,-1.0,-0.5235987755982991,0.0,0.0,3.503731e-20,-0.0003191239
725,11.243594760216101,-1.0,0.5235987755982983,0.0,0.0,-3.8744998e-20,-0.006148143
726,11.243594760216101,-1.0,1.5707963267948966,0.0,0.0,1.1595644e-20,0.00050520105
727,11.243594760216101,-1.0,2.617993877991494,0.0,0.0,-2.8467672e-19,0.0028781279
728,11.243594760216101,-1.0,3.6651914291880914,0.0,0.0,3.3262393e-20,-0.0013611718
729,11.243594760216101,-1.0,4.71238898038469,0.0,0.0,-9.3488366e-20,-0.0024024874
730,11.243594760216101,-0.33333333333333337,-4.71238898038469,1.0637771,0.01714658,-0.035642948,-0.0011184392
731,11.243594760216101,-0.33333333333333337,-3.6651914291880923,1.0495678,0.023247031,0.038900066,0.001364776
732,11.243594760216101,-0.33333333333333337,-2.6179938779914944,1.0341525,0.0017664895,0.056973904,-0.005947831
733,11.243594760216101,-0.33333333333333337,-1.5707963267948966,1.141451,0.025942491,0.058475267,-0.0025866332
734,11.243594760216101,-0.33333333333333337,-0.5235987755982991,1.0401115,-0.039740674,-0.017865645,-0.0029369814
735,11.243594760216101,-0.33333333333333337,0.5235987755982983,1.093941,0.019720467,-0.014233093,-0.001451795
736,11.243594760216101,-0.33333333333333337,1.5707963267948966,1.1565577,-0.03090093,0.06789047,-0.003965042
737,11.243594760216101,-0.33333333333333337,2.617993877991494,0.9909164,0.042676795,-0.09038839,-0.0053217798
738,11.243594760216101,-0.33333333333333337,3.6651914291880914,1.0588231,0.08297453,0.13258788,-0.009872797
739,11.243594760216101,-0.33333333333333337,4.71238898038469,1.0637771,0.017146584,-0.035642948,-0.0011184395
740,11.243594760216101,0.33333333333333326,-4.71238898038469,1.1743131,-0.0094156405,-0.06825746,-0.0005694721
741,11.243594760216101,0.33333333333333326,-3.6651914291880923,1.0488966,0.017869802,-0.04801132,0.00039992767
742,11.243594760216101,0.33333333333333326,-2.6179938779914944,1.1395334,-0.008733006,-0.026508255,-0.0035398242
743,11.243594760216101,0.33333333333333326,-1.5707963267948966,1.1023109,0.0988564,0.08202991,-0.005547291
744,11.243594760216101,0.33333333333333326,-0.5235987755982991,1.0248853,-0.04141812,-0.01042188,0.00045007077
745,11.243594760216101,0.33333333333333326,0.5235987755982983,1.0823355,-0.027796518,0.07567739,-0.009619234
746,11.243594760216101,0.33333333333333326,1.5707963267948966,1.198623,-0.008567421,0.04326212,-0.0046311975
747,11.243594760216101,0.33333333333333326,2.617993877991494,0.93509,-0.085797064,-0.10844314,-0.0052909344
748,11.243594760216101,0.33333333333333326,3.6651914291880914,1.0911915,-0.03136228,-0.021732584,-0.0013535767
749,11.243594760216101,0.33333333333333326,4.71238898038469,1.1743131,-0.009415649,-0.06825745,-0.0005694719
750,11.243594760216101,1.0,-4.71238898038469,0.0,0.0,-1.1346486e-19,0.0010923384
751,11.243594760216101,1.0,-3.6651914291880923,0.0,0.0,-3.4270086e-20,0.0050759255
752,11.243594760216101,1.0,-2.6179938779914944,0.0,0.0,-3.918881e-19,0.0018813101
753,11.243594760216101,1.0,-1.5707963267948966,0.0,0.0,2.6315164e-19,-0.003375763
754,11.243594760216101,1.0,-0.5235987755982991,0.0,0.0,-6.253745e-20,0.007413923
755,11.243594760216101,1.0,0.5235987755982983,0.0,0.0,1.2321726e-19,-0.009351331
756,11.243594760216101,1.0,1.5707963267948966,0.0,0.0,8.8622644e-21,2.193972e-05
757,11.243594760216101,1.0,2.617993877991494,0.0,0.0,-9.724921e-20,0.0005892896
758,11.243594760216101,1.0,3.6651914291880914,0.0,0.0,-2.291062e-19,0.001935388
759,11.243594760216101,1.0,4.71238898038469,0.0,0.0,-1.1346526e-19,0.0010923333
760,12.566370614359172,-1.0,-4.71238898038469,0.0,0.0,2.366597e-19,-0.0003336924
761,12.566370614359172,-1.0,-3.6651914291880923,0.0,0.0,-1.8762962e-19,-0.007063959
762,12.566370614359172,-1.0,-2.6179938779914944,0.0,0.0,1.2437596e-20,-0.00894108
763,12.566370614359172,-1.0,-1.5707963267948966,0.0,0.0,1.412165e-19,0.0046255733
764,12.566370614359172,-1.0,-0.5235987755982991,0.0,0.0,1.2285757e-19,0.0059718234
765,12.566370614359172,-1.0,0.5235987755982983,0.0,0.0,-2.3617984e-19,-0.0029061679
766,12.566370614359172,-1.0,1.5707963267948966,0.0,0.0,4.2618834e-19,-0.014112989
767,12.566370614359172,-1.0,2.617993877991494,0.0,0.0,1.2141233e-19,0.006364519
768,12.566370614359172,-1.0,3.6651914291880914,0.0,0.0,1.5731373e-19,0.0049469415
769,12.566370614359172,-1.0,4.71238898038469,0.0,0.0,2.3665932e-19,-0.0003336963
770,12.566370614359172,-0.33333333333333337,-4.71238898038469,1.13216,-0.052130003,-0.0005992096,-0.002928905
771,12.566370614359172,-0.33333333333333337,-3.6651914291880923,1.0421342,-0.01980229,-0.076517045,-0.0052725784
772,12.566370614359172,-0.33333333333333337,-2.6179938779914944,1.1077572,0.00930943,-0.103221074,0.00077002705
773,12.566370614359172,-0.33333333333333337,-1.5707963267948966,1.1656612,0.0049559283,0.020382307,0.003142797
774,12.566370614359172,-0.33333333333333337,-0.5235987755982991,1.0456995,0.016633097,-0.057842404,-0.005874187
775,12.566370614359172,-0.33333333333333337,0.5235987755982983,1.1211725,0.019454692,0.0130423475,-0.010252122
776,12.566370614359172,-0.33333333333333337,1.5707963267948966,1.1092474,-0.018402059,0.008773515,-0.0009281778
777,12.566370614359172,-0.33333333333333337,2.617993877991494,1.1201969,-0.0120044695,0.0051844344,-0.00032168053
778,12.566370614359172,-0.33333333333333337,3.6651914291880914,1.1008186,-0.032305446,-0.02725383,0.0010560056
779,12.566370614359172,-0.33333333333333337,4.71238898038469,1.13216,-0.052129995,-0.00059922074,-0.0029289052
780,12.566370614359172,0.33333333333333326,-4.71238898038469,1.0502313,-0.07880252,0.04734558,-0.004540765
781,12.566370614359172,0.33333333333333326,-3.6651914291880923,1.1093618,0.021838978,-0.059693903,-0.003191138
782,12.566370614359172,0.33333333333333326,-2.6179938779914944,1.0867112,0.00470164,0.013374742,-0.0013327389
783,12.566370614359172,0.33333333333333326,-1.5707963267948966,1.1393267,0.028486606,0.018370207,0.0006710773
784,12.566370614359172,0.33333333333333326,-0.5235987755982991,1.0586704,-0.02312887,0.05198482,2.1400969e-05
785,12.566370614359172,0.33333333333333326,0.5235987755982983,1.0296681,-0.0975304,-0.0016932891,-0.005041242
786,12.566370614359172,0.33333333333333326,1.5707963267948966,1.1648415,0.054855444,0.03347829,-0.0031014008
787,12.566370614359172,0.33333333333333326,2.617993877991494,1.1106919,0.0061985794,-0.011792175,-0.0009595648
788,12.566370614359172,0.33333333333333326,3.6651914291880914,1.0966899,-0.06549017,-0.046333276,-0.0030417577
789,12.566370614359172,0.33333333333333326,4.71238898038469,1.0502313,-0.078802526,0.04734557,-0.004540764
790,12.566370614359172,1.0,-4.71238898038469,0.0,0.0,-8.0279436e-20,-3.9266622e-05
791,12.566370614359172,1.0,-3.6651914291880923,0.0,0.0,1.591762e-19,0.0007383839
792,12.566370614359172,1.0,-2.6179938779914944,0.0,0.0,-4.2387048e-20,0.0052754628
793,12.566370614359172,1.0,-1.5707963267948966,0.0,0.0,3.3487595e-19,-0.0010634883
794,12.566370614359172,1.0,-0.5235987755982991,0.0,0.0,2.8851268e-20,0.00019281935
795,12.566370614359172,1.0,0.5235987755982983,0.0,0.0,-1.7557437e-19,0.0037123328
796,12.566370614359172,1.0,1.5707963267948966,0.0,0.0,-1.3512492e-19,4.9162983e-05
797,12.566370614359172,1.0,2.617993877991494,0.0,0.0,-3.2773152e-19,0.0010254445
798,12.566370614359172,1.0,3.6651914291880914,0.0,0.0,-2.8745638e-19,0.0002875105
799,12.566370614359172,1.0,4.71238898038469,0.0,0.0,-8.027938e-20,-3.9267987e-05
